0.34106347
0.8998517
0.7676672
0.76144606
0.5054957
0.14955254
0.97563803
0.8436609
0.99050623
0.9540509
0.9868782
0.96597487
0.9851724
0.9385748
0.6152595
0.9603306
0.9959408
0.9546422
0.7784246
0.99184555
0.9860574
0.99589455
0.9565041
0.97470605
0.9797135
0.9928982
0.9359119
0.9859118
0.98273736
0.992998
0.99361223
0.9707463
0.9981895
0.99801326
0.23935989
0.27635613
0.86387616
0.9273928
0.9582033
0.9100588
0.36537233
0.9259521
0.007764779
0.8532494
0.9862233
0.8533625
0.26680413
0.939616
0.9396115
0.950461
0.8834885
0.96867543
0.98393744
0.99103093
0.9913618
0.97072226
0.98275375
0.95844644
0.95260453
0.9904918
0.9862872
0.99441236
0.98354685
0.9925931
0.9901557
0.981262
0.92067057
0.9722401
0.8940517
0.83184534
0.9916789
0.6947553
0.14986141
0.9925171
0.9755117
0.994961
0.9156257
0.9913016
0.94742864
0.9895834
0.92130864
0.98925203
0.8846694
0.16198546
0.58011824
0.94818383
0.7671526
0.9725204
0.80996966
0.94600683
0.39895463
0.72046864
0.9927126
0.97949594
0.9972548
0.88089705
0.99285156
0.9936433
0.9012289
0.7665984
0.9732774
0.92672294
0.98377615
0.8982941
0.7363754
0.20952253
0.07382258
0.904295
0.92374635
0.93657845
0.94450927
0.8511404
0.9939342
0.98469216
0.96871567
0.92876273
0.9883862
0.8163542
0.83447844
0.77577674
0.9909764
0.9912525
0.99325776
0.97514856
0.89776564
0.88249934
0.99451375
0.623795
0.9826325
0.98999375
0.81008846
0.9012221
0.97189844
0.9659503
0.98967594
0.96339095
0.9921793
0.17877091
0.9734871
0.90113586
0.9716502
0.7806368
0.78933287
0.9737926
0.9481265
0.97136265
0.98107415
0.98904395
0.9827282
0.48573044
0.91247976
0.99488187
0.9569041
0.9494091
0.990704
0.894967
0.9913545
0.99623233
0.9901812
0.9982564
0.9951989
0.8863227
0.9054001
0.9937225
0.9924601
0.47816706
0.99011517
0.93290025
0.9876522
0.9923362
0.15563121
0.98496497
0.9797545
0.9233135
0.3384071
0.841766
0.28963047
0.9845648
0.99311936
0.9930565
0.9975802
0.9379743
0.9556472
0.62004626
0.06899803
0.8972005
0.95152456
0.96450627
0.9886518
0.9862038
0.9926346
0.99205536
0.9856183
0.9693499
0.99663734
0.95341647
0.9618036
0.9956191
0.9952362
0.9903431
0.9645483
0.9979674
0.9954348
0.9857614
0.9826064
0.9844342
0.9958554
0.9963372
0.99762064
0.81065166
0.9708308
0.9829846
0.9961189
0.96270454
0.60506105
0.9679602
0.99459344
0.98326206
0.93485206
0.5951413
0.031163992
0.95866364
0.99318695
0.7961258
0.77605194
0.9655937
0.96909755
0.9452614
0.92161286
0.9397191
0.9948966
0.9794734
0.9971635
0.86942714
0.94441783
0.9937826
0.9883414
0.99394774
0.98795044
0.9930906
0.9391597
0.9842674
0.7109154
0.96884745
0.9973321
0.72721547
0.8135102
0.9275509
0.9568396
0.7009852
0.9936598
0.9967167
0.9670243
0.9262944
0.93452173
0.56556934
0.9891123
0.92625886
0.97958183
0.7747535
0.98070586
0.4040337
0.70670235
0.9982216
0.02000734
0.95714736
0.9863935
0.9776849
0.99487287
0.92711985
0.95178276
0.9807443
0.47701055
0.9704443
0.27288347
0.6963021
0.66568226
0.5311142
0.99278945
0.98010284
0.84178877
0.99268556
0.96438473
0.98462796
0.58275163
0.6902974
0.9627861
0.99388415
0.977539
0.70185924
0.967533
0.99756324
0.88617474
0.81721914
0.8686512
0.8079396
0.9199276
0.7640543
0.9356242
0.7711174
0.9307245
0.92102367
0.74405134
0.8131112
0.8849673
0.98501736
0.9926813
0.9461987
0.97566915
0.9929934
0.9847764
0.9924148
0.9790222
0.98422086
0.9928236
0.9907472
0.97817993
0.106534906
0.91662276
0.39713013
0.9606598
0.77407634
0.84172755
0.8132727
0.81301206
0.9914386
0.8968887
0.9958763
0.91762245
0.98282534
0.961727
0.9330258
0.9689877
0.9276605
0.041747067
0.9058667
0.92337257
0.90914065
0.93468434
0.9905347
0.94836813
0.98972917
0.89201623
0.99012786
0.9843189
0.9191042
0.85193664
0.9978002
0.7801804
0.74746364
0.31095368
0.959185
0.92513716
0.9827833
0.9953361
0.93580097
0.67471224
0.24213962
0.9657872
0.7906127
0.9937641
0.99570614
0.96706814
0.98404974
0.7927199
0.9974049
0.9761589
0.99781066
0.992596
0.9699765
0.9927072
0.81023157
0.52273077
0.58191013
0.72964716
0.6644091
0.9554594
0.6991888
0.39049044
0.85668343
0.93685865
0.8359416
0.969263
0.8794739
0.95122266
0.99670583
0.6031263
0.9978855
0.9962991
0.97829723
0.9797706
0.94767505
0.99625504
0.99268943
0.98463506
0.9900898
0.99594045
0.93071616
0.89598846
0.99188036
0.96124583
0.9842345
0.94743097
0.94250655
0.9584318
0.9855893
0.8977834
0.9972029
0.99756444
0.86188555
0.9912349
0.79566085
0.94762886
0.9886451
0.9964007
0.70914537
0.5144797
0.8805353
0.87527275
0.9208853
0.564762
0.908501
0.9980476
0.91806513
0.7542962
0.99216
0.9767729
0.9421459
0.99315417
0.43284404
0.9818554
0.8554837
0.08103778
0.07112022
0.9793815
0.8702047
0.98509014
0.92003876
0.7737188
0.97476214
0.9391553
0.86678666
0.9620724
0.9748479
0.9947202
0.8854355
0.991478
0.9920047
0.97676784
0.99861264
0.95501584
0.9940825
0.3243847
0.9651499
0.9216448
0.9395174
0.7352013
0.55308676
0.262425
0.8667204
0.867851
0.84883994
0.06793843
0.88987076
0.97553694
0.9675556
0.99159616
0.9217431
0.49496248
0.98476577
0.92274904
0.9890854
0.9942677
0.99311477
0.78683984
0.93372905
0.9759478
0.7748105
0.9929969
0.98666734
0.99656266
0.5405844
0.9472911
0.9515753
0.93998176
0.6408035
0.8230152
0.99132556
0.32391366
0.9891117
0.9249473
0.9673799
0.98088855
0.9091352
0.9425322
0.9707381
0.58332527
0.89725333
0.92690265
0.9703015
0.88689023
0.9586249
0.98434883
0.96461326
0.98038864
0.96183306
0.6771696
0.11926898
0.92190224
0.62304574
0.957258
0.96443266
0.9854294
0.9616741
0.98337203
0.9935179
0.9875843
0.99303436
0.97495043
0.9948201
0.99726593
0.9512039
0.9396992
0.9944154
0.99477506
0.9787669
0.7041889
0.5349405
0.32134193
0.76884973
0.9538011
0.95069
0.6224875
0.8884636
0.9351406
0.99502325
0.97274876
0.9501393
0.98838043
0.8875392
0.992894
0.9340858
0.98934454
0.94840586
0.9960712
0.9964199
0.98294365
0.90126073
0.9966456
0.98739177
0.989169
0.82349336
0.39067283
0.34527785
0.99484104
0.9905605
0.97224975
0.5344062
0.27136222
0.9413323
0.72249085
0.964465
0.9702314
0.98907894
0.987965
0.9841579
0.9961443
0.98835295
0.9972312
0.98667717
0.99042296
0.99464995
0.9576382
0.982982
0.7717367
0.8763312
0.9269115
0.97008914
0.98993087
0.93637323
0.9875218
0.97050357
0.9988451
0.9984426
0.9980648
0.9954228
0.99551314
0.16966385
0.9417281
0.88259023
0.9790206
0.94210804
0.7595633
0.83631533
0.7748933
0.94185096
0.98046356
0.73921233
0.17726254
0.88615584
0.53249043
0.8540795
0.631484
0.99469393
0.9902389
0.92831194
0.99028873
0.99291843
0.99479103
0.9714262
0.9805186
0.54192185
0.99404764
0.3653909
0.56007814
0.8785305
0.9923766
0.9945986
0.9778876
0.5971013
0.9859175
0.99712616
0.99321645
0.9928639
0.9698182
0.9816784
0.9917468
0.9977551
0.99436307
0.9739376
0.97703403
0.99237293
0.9875667
0.99136275
0.9944279
0.9543042
0.9301132
0.93174106
0.77262723
0.9503476
0.98725116
0.9529217
0.6398873
0.8791811
0.7618519
0.65672046
0.7821776
0.95622
0.7832149
0.98092514
0.99739337
0.98362076
0.9946884
0.96303976
0.98252964
0.98062634
0.68392694
0.6379643
0.99281704
0.99549246
0.9620227
0.30106294
0.909696
0.94252235
0.998607
0.9902366
0.9515515
0.9915269
0.95100975
0.91156596
0.9908241
0.7910715
0.871016
0.8566221
0.9476915
0.97214836
0.58095604
0.85361814
0.9803059
0.988473
0.9953407
0.93207026
0.9921897
0.98410773
0.99743146
0.9675405
0.49107757
0.7584501
0.9232298
0.52277285
0.95072794
0.8286445
0.88328695
0.9129838
0.99313325
0.96618825
0.99266607
0.974196
0.99223644
0.694656
0.9945943
0.9659209
0.88742167
0.94624865
0.903197
0.99291354
0.8146167
0.7898775
0.76759946
0.6458406
0.6559064
0.9902901
0.9979518
0.8581539
0.7756001
0.9408397
0.81900483
0.64436555
0.9569388
0.9530301
0.95087653
0.109871894
0.18038575
0.8556104
0.9602174
0.99191344
0.72718865
0.01418499
0.8099752
0.9640296
0.99626935
0.920983
0.98228925
0.9832066
0.9496225
0.9770015
0.88501316
0.9465715
0.95080423
0.97280484
0.27275738